Template: NONE
Grime: 0.2934783
WaterReflectionAlpha: 0.4673913
Palette: 1662
EffectColorA: 10
EffectColorB: 6
PlacedObjects: WallLight><382.4587><603.1957><-277~-93~382.4587~603.1957~11~83~94~1~89~95~0.5652174~0.5~0.6086956~False~SkyColor~False~True~Always~Soft, LightSource><371.3199><518.663><1~Environment~6~68~-307~0.6025391~0~0~None~0~0, LightSource><1035.938><559.6803><0.4347826~Environment~-4~168~50~86.60254~0~0~None~0~0, LightSource><766.6263><260.845><1~Environment~-2~65~50~86.60254~0~0~None~0~0, LightSource><1515.136><561.3353><1~Environment~4~76~50~86.60254~0~0~None~0~0, LightFixture><1893.799><540.6938><RedLight~17.32051~-10~91, LightFixture><712.1029><650.5785><RedLight~17.32051~-10~66, 
AmbientSounds: OMNI><AM_IND-Warehouse03.ogg><698.1493><50.90631><0.3015966><0.9860808, OMNI><AM_SUB-BlankState.ogg><772.7745><268.3986><0.6204257><1, OMNI><RWTW_AR_GearWorks.ogg><760.0993><122.7451><0.1988333><0.6602789, SPOT><AM_IND-50hz.ogg><389.9193><251.7169><0.6062506><0.6794559><951.8056><587.2957><-54.44598><-36.82214><0><0.1, SPOT><AM_IND-ElectricHum01.ogg><379.012><270.6036><0.1906712><0.9860808><1080.37><371.6257><758.6321><220.6446><0.03866643><0.1077337, SPOT><AM_IND-50hz.ogg><393.8008><125.1105><0.3419837><0.7343621><1874.781><572.8215><-94.69897><-112.3553><0><0.1, OMNI><AM_ENV-WallHum.ogg><742.5101><109.2904><0.1764487><0.95824, 
FadePalette: 16, 0.1086956, 0.1086956
