Template: NONE
Grime: 0.2370695
WaterReflectionAlpha: 0.3581407
Palette: 1662
EffectColorA: 10
EffectColorB: 6
PlacedObjects: LightSource><661.9654><718.0677><1~Environment~-123.7938~88.62225~50~86.60254~0~0~None~0~0, LightSource><316.5338><461.343><0.8152174~Environment~12.42291~110.3555~50~86.60254~0~0~None~0~0, WallLight><1018.786><574.1801><17.66864~-144.1333~1018.786~574.1801~-5.691711~109.9556~76.52197~-2.844421~85.05933~90.75562~0.549059~1~0.4896055~False~SkyColor~False~True~Always~Soft static, 
AmbientSounds: OMNI><AM_IND-Warehouse03.ogg><725.1493><386.9063><0.3015966><0.9860808, OMNI><AM_SUB-BlankState.ogg><772.7745><268.3986><0.7834691><1, OMNI><RWTW_AR_GearWorks.ogg><738.0993><504.7451><0.09013765><0.6798441, SPOT><AM_IND-50hz.ogg><389.9193><251.7169><0.6365383><0.7772821><386.366><580.6068><-68.08243><-64.51096><0><0.1, SPOT><AM_ENV-WallHum.ogg><263.3569><415.6125><0.3453356><1.264477><680.9871><368.3235><-64.52509><-60.95538><0><0.1, SPOT><AM_IND-ElectricHum01.ogg><465.012><481.6036><0.5927993><0.7772833><652.1297><715.2035><69.22894><24.37793><0.03866643><0.1077337, SPOT><AM_IND-50hz.ogg><366.054><154.266><0.5><1><1059.73><613.2882><-68.0824><-89.39981><0><0.1, OMNI><AM_ENV-WallHum.ogg><732.5101><431.2904><0.2525356><0.95824, 
FadePalette: 16, 0.1086956
