Template: NONE
Grime: 0.2989356
WaterReflectionAlpha: 0.3426743
Palette: 1662
EffectColorA: 10
EffectColorB: 6
PlacedObjects: LightSource><655.7554><597.8857><1~Environment~-0.7114868~73.6889~138.2208~-132.4197~0~0~None~0~0, LightFixture><226.4969><711.1019><RedLight~17.32051~-10~14, LightSource><1216.852><733.1497><1~Environment~0~100~50~86.60254~0~0~None~0~0, 
AmbientSounds: OMNI><AM_IND-Warehouse03.ogg><725.1493><386.9063><0.3015966><0.9860808, OMNI><AM_SUB-BlankState.ogg><772.7745><268.3986><0.7834691><1, OMNI><RWTW_AR_GearWorks.ogg><738.0993><504.7451><0.09013765><0.6798441, SPOT><AM_IND-50hz.ogg><389.9193><251.7169><0.4432071><0.7772821><239.8056><714.2957><-84.44597><-90.82214><0><0.1, SPOT><AM_IND-ElectricHum01.ogg><465.012><481.6036><0.1906712><0.9860808><735.3703><391.6479><758.6321><220.6446><0.03866643><0.1077337, SPOT><AM_IND-50hz.ogg><393.8008><125.1105><0.4072011><1.02784><1118.781><525.8215><-56.69897><-67.35538><0><0.1, OMNI><AM_ENV-WallHum.ogg><732.5101><431.2904><0.2525356><0.95824, 
FadePalette: 16, 0.1086956
